 RREG1 RREG2 SHAMT  WREG WDATA    WR   SHE   DIR RDAT1 RDAT2
  0000  0000  0000  0000  0000     0     0     0  0000  0000
  0000  0000  0000  0010  2381     1     0     0  0000  0000
  0000  0000  0000  0100  7652     1     0     0  0000  0000
  0000  0000  0000  0101  1A4E     1     0     0  0000  0000
  0101  0000  0000  0000  0000     0     0     0  1A4E  0000
  0010  0100  0000  0000  0000     0     0     0  2381  7652
  0100  0101  0010  0100  0000     1     1     0  7652  1A4E
  0010  0010  0100  1000  0000     1     1     1  2381  2381
  0100  1000  0000  0000  0000     0     0     0  1D94  3810
