56.0
56.0
56.0
56.0
58.51
58.51
58.51
58.51
59.95
59.95
59.95
63.63
63.63
63.63
63.63
67.76
67.76
67.76
67.76
68.6
68.6
68.6
70.99
70.99
70.99
70.99
73.93
73.93
73.93
73.93
76.96
76.96
76.96
76.96
70.43
70.43
70.43
70.43
52.57
52.57
52.57
54.88
54.88
54.88
54.88
56.63
56.63
56.63
58.45
58.45
58.45
58.45
61.87
61.87
61.87
64.46
64.46
64.46
67.77
67.77
67.77
70.24
70.24
70.24
72.96
72.96
72.96
72.96
75.86
75.86
75.86
75.86
66.26
66.26
66.26
66.26
52.17
52.17
52.17
52.17
55.73
55.73
55.73
55.73
60.25
60.25
60.25
60.25
62.71
62.71
62.71
64.19
64.19
64.19
66.53
66.53
66.53
66.53
70.27
70.27
70.27
74.19
74.19
74.19
74.19
77.16
77.16
77.16
52.3
52.3
52.3
52.3
57.73
57.73
57.73
63.31
63.31
63.31
63.31
67.06
67.06
67.06
70.58
70.58
70.58
70.58
74.33
74.33
74.33
77.45
77.45
77.45
77.45
55.27
55.27
55.27
53.49
53.49
53.49
53.49
56.7
56.7
56.7
56.7
60.42
60.42
60.42
64.3
64.3
64.3
64.3
68.96
68.96
68.96
68.96
73.86
73.86
73.86
65.2
65.2
65.2
65.2
54.66
54.66
54.66
58.61
58.61
58.61
58.61
61.0
61.0
61.0
64.16
64.16
64.16
68.07
68.07
68.07
68.07
73.4
73.4
73.4
76.35
76.35
76.35
76.35
51.26
51.26
51.26
51.26
55.4
55.4
55.4
59.72
59.72
59.72
59.72
63.62
63.62
63.62
67.02
67.02
67.02
67.02
71.39
71.39
71.39
69.1
69.1
69.1
53.28
53.28
53.28
57.62
57.62
57.62
57.62
62.31
62.31
62.31
67.14
67.14
67.14
67.14
71.44
71.44
71.44
74.36
74.36
74.36
74.36
65.08
65.08
65.08
53.21
53.21
53.21
57.21
57.21
57.21
57.21
63.6
63.6
63.6
68.37
68.37
68.37
73.2
73.2
73.2
73.2
73.28
73.28
73.28
73.28
53.43
53.43
53.43
58.67
58.67
58.67
58.67
64.04
64.04
64.04
64.04
69.62
69.62
69.62
76.15
76.15
76.15
55.53
55.53
55.53
55.53
58.32
58.32
58.32
58.32
64.39
64.39
64.39
69.69
69.69
69.69
69.69
74.92
74.92
74.92
60.04
60.04
60.04
57.43
57.43
57.43
57.43
64.08
64.08
64.08
69.56
69.56
69.56
69.56
74.32
74.32
74.32
56.24
56.24
55.6
55.6
56.94
56.94
56.94
63.08
63.08
63.08
63.08
68.98
68.98
68.98
68.98
74.62
74.62
74.62
52.78
52.78
52.78
52.78
59.9
59.9
59.9
59.9
66.43
66.43
66.43
73.1
73.1
73.1
73.1
57.77
57.77
57.77
57.77
56.06
56.06
56.06
56.06
61.69
61.69
61.69
66.29
66.29
66.29
71.42
71.42
71.42
71.42
77.14
77.14
77.14
77.14
57.02
57.02
57.02
59.68
59.68
59.68
59.68
66.55
66.55
66.55
66.55
72.66
72.66
72.66
66.13
66.13
66.13
66.13
55.8
55.8
55.8
55.8
62.44
62.44
62.44
62.44
70.17
70.17
70.17
71.0
71.0
71.0
71.0
53.92
53.92
53.92
53.92
60.93
60.93
60.93
60.93
67.68
67.68
67.68
67.68
75.06
75.06
75.06
75.06
56.86
56.86
56.86
58.71
58.71
58.71
58.71
65.72
65.72
65.72
65.72
73.3
78.77
78.77
78.77
63.73
63.73
63.73
58.43
58.43
58.43
58.43
65.72
65.72
65.72
74.15
52.58
52.58
52.58
51.97
51.97
51.97
59.99
59.99
59.99
67.17
67.17
67.17
67.17
74.11
74.11
74.11
54.71
54.71
54.71
54.71
57.99
57.99
57.99
57.99
66.11
66.11
66.11
73.63
73.63
73.63
64.79
64.79
64.79
55.4
55.4
55.4
61.64
61.64
61.64
70.71
70.71
76.28
61.98
61.98
52.93
52.93
52.93
52.93
59.01
59.01
59.01
59.01
66.48
66.48
66.48
73.82
73.82
73.82
61.17
55.91
55.91
57.33
57.33
62.83
62.83
62.83
68.5
68.5
75.56
75.56
75.56
54.17
54.17
54.17
54.17
61.52
61.52
61.52
70.7
70.7
70.7
70.7
69.15
69.15
69.15
56.68
56.68
56.68
56.68
65.54
65.54
65.54
73.61
73.61
73.61
73.61
63.81
63.81
63.81
57.7
57.7
57.7
64.32
64.32
64.32
64.32
72.92
72.92
72.92
53.17
53.17
53.17
53.17
62.31
62.31
62.31
70.36
70.36
70.36
70.36
60.29
60.29
60.29
63.78
63.78
63.78
63.78
72.5
72.5
58.56
58.56
58.56
56.03
56.03
56.03
64.06
64.06
64.06
72.12
72.12
72.12
72.12
57.41
57.41
57.41
57.41
63.64
63.64
63.64
74.31
74.31
74.31
74.31
53.35
53.35
53.35
53.35
60.79
60.79
60.79
60.79
70.74
70.74
70.74
70.74
62.23
62.23
62.23
60.25
60.25
60.25
60.25
68.24
68.24
68.24
68.24
62.74
62.74
62.74
62.74
59.92
59.92
59.92
69.32
69.32
69.32
69.32
65.27
65.27
65.27
65.27
58.56
58.56
58.56
58.56
69.52
69.52
69.52
69.52
61.65
61.65
61.65
57.18
57.18
57.18
57.18
67.0
67.0
67.0
67.0
66.97
66.97
66.97
66.97
60.92
60.92
60.92
60.92
69.63
69.63
69.63
70.8
70.8
70.8
70.8
57.78
57.78
57.78
57.78
67.65
74.57
74.57
74.57
69.68
69.68
69.68
58.26
58.26
58.26
58.26
68.48
68.48
68.48
65.12
51.69
51.69
51.69
51.69
60.25
60.25
60.25
60.25
70.43
70.43
70.43
64.55
64.55
64.55
64.55
60.94
60.94
60.94
60.94
70.83
70.83
70.83
70.83
61.55
61.55
61.55
61.55
61.19
61.19
61.19
72.17
72.17
72.17
72.17
55.68
60.48
63.76
63.76
70.28
70.28
75.76
75.76
75.76
55.63
55.63
55.63
62.51
62.51
62.51
62.51
59.55
59.55
60.7
60.7
60.7
60.7
72.48
72.48
72.48
72.48
57.68
57.68
57.68
62.42
62.42
62.42
62.42
70.21
70.21
70.21
70.21
56.48
56.48
56.48
68.43
68.43
68.43
68.43
64.96
64.96
64.96
64.96
60.74
60.74
60.74
60.74
71.98
71.98
71.98
71.98
56.63
56.63
56.63
63.14
63.14
63.14
73.29
73.29
73.29
52.64
52.64
52.64
60.81
60.81
60.81
60.81
71.48
71.48
71.48
71.48
56.14
56.14
62.73
62.73
70.71
70.71
70.71
63.91
63.91
57.07
57.07
63.1
63.1
68.93
73.29
73.29
69.45
69.45
53.29
53.29
59.17
59.17
59.17
59.17
71.85
71.85
71.85
71.85
57.69
57.69
57.69
65.43
65.43
65.43
65.43
67.15
67.15
67.15
56.95
64.73
64.73
69.67
69.67
69.67
70.8
70.8
56.5
56.5
56.5
64.99
64.99
64.99
64.99
72.5
72.5
72.5
57.09
57.09
57.09
57.09
68.59
68.59
68.59
68.59
62.0
62.0
62.0
62.0
64.52
64.52
64.52
70.55
70.55
70.55
70.55
58.46
58.46
67.13
67.13
67.13
67.13
69.18
69.18
69.18
60.62
60.62
60.62
60.62
70.31
70.31
55.61
55.61
58.72
58.72
58.72
69.18
69.18
69.18
69.18
67.13
67.13
67.13
67.13
62.7
62.7
62.7
62.7
67.04
67.04
67.04
60.12
60.12
60.12
60.12
73.32
73.32
73.32
59.13
59.13
59.13
59.13
64.91
64.91
64.91
70.24
70.24
70.24
70.24
57.82
57.82
57.82
57.82
70.98
70.98
70.98
70.98
59.71
59.71
59.71
66.79
66.79
66.79
66.79
60.05
60.05
60.05
60.05
65.48
65.48
65.48
65.14
65.14
65.14
65.14
64.19
64.19
64.19
64.19
68.67
68.67
68.67
60.47
60.47
60.47
60.47
67.03
67.03
67.03
67.03
58.95
58.95
58.95
58.95
69.12
69.12
69.12
69.12
57.68
57.68
57.68
57.68
70.92
70.92
70.92
60.04
60.04
60.04
60.04
67.49
67.49
67.49
67.49
65.18
65.18
65.18
65.43
65.43
65.43
61.57
61.57
57.76
57.76
57.76
68.4
68.4
68.4
68.4
62.07
62.07
62.07
63.57
63.57
63.57
68.05
68.05
68.05
59.74
59.74
59.74
59.74
68.1
68.1
68.1
68.1
57.84
57.84
57.84
57.84
70.89
70.89
70.89
55.8
55.8
55.8
55.8
69.93
69.93
69.93
69.93
58.24
58.24
58.24
58.24
72.48
72.48
72.48
60.09
60.09
60.09
60.09
70.04
70.04
70.04
70.04
59.75
59.75
59.75
59.75
68.03
68.03
68.03
68.03
68.03
59.95
59.95
59.95
59.95
68.67
68.67
68.67
63.63
63.63
63.63
63.63
65.61
65.61
65.61
65.61
66.41
66.41
66.41
66.41
60.83
60.83
60.83
65.28
65.28
65.28
65.28
66.33
66.33
66.33
62.47
62.47
62.47
62.47
66.51
66.51
66.51
66.51
60.88
60.88
60.88
60.88
67.42
67.42
59.74
62.9
62.9
62.9
62.9
68.76
68.76
68.76
68.76
60.52
60.52
60.52
60.52
63.68
63.68
63.68
63.68
63.48
63.48
63.48
63.48
66.3
66.3
66.3
66.3
65.61
65.61
65.61
65.61
66.28
66.28
66.28
66.28
70.38
70.38
70.38
70.38
57.9
57.9
57.9
57.9
71.09
71.09
71.09
71.09
60.26
60.26
60.26
60.26
65.27
65.27
65.27
65.27
64.62
64.62
64.62
64.62
61.57
61.57
61.57
61.57
68.57
68.57
68.57
68.57
68.57
58.3
58.3
58.3
58.3
72.87
72.87
72.87
72.87
58.43
58.43
58.43
58.43
71.1
71.1
71.1
71.1
60.98
60.98
60.98
60.98
69.3
69.3
69.3
61.25
61.25
61.25
61.25
65.02
65.02
65.02
65.02
63.23
63.23
63.23
63.23
61.02
61.02
61.02
61.02
65.94
65.94
65.94
65.36
65.36
65.36
65.36
65.36
68.67
68.67
68.67
56.92
56.92
56.92
56.92
60.85
60.85
60.85
60.85
62.71
62.71
62.71
62.71
65.46
65.46
65.46
65.46
63.05
63.05
63.05
64.21
64.21
64.21
61.47
61.47
61.47
61.47
66.93
66.93
66.93
66.93
68.42
68.42
68.42
62.98
62.98
62.98
62.98
70.21
70.21
70.21
59.12
59.12
59.12
59.12
63.0
63.0
63.0
63.0
62.01
62.01
62.01
63.33
63.33
63.33
63.33
66.62
66.62
66.62
66.62
60.54
60.54
60.54
60.54
63.7
63.7
63.7
63.7
64.05
64.05
64.05
61.31
61.31
61.31
65.08
70.73
70.73
70.73
70.73
56.67
56.67
56.67
69.27
69.27
69.27
69.27
69.27
58.76
58.76
58.76
58.76
68.7
68.7
68.7
64.17
64.17
64.17
64.17
69.6
69.6
69.6
69.6
64.95
64.95
64.95
64.95
60.44
60.44
60.44
60.44
70.25
70.25
70.25
70.25
60.64
60.64
60.64
64.94
64.94
64.94
61.85
61.85
61.85
61.85
66.93
66.93
66.93
66.93
66.34
66.34
66.34
60.86
60.86
60.86
60.86
69.01
69.01
69.01
60.67
74.97
74.97
74.97
67.35
67.35
67.35
67.35
66.08
66.08
66.08
61.25
61.25
61.25
61.25
66.5
66.5
66.5
66.5
61.59
61.59
61.59
61.59
65.37
65.37
65.37
65.37
66.03
66.03
66.03
66.03
57.58
57.58
57.58
57.58
70.55
70.55
70.55
70.55
61.23
61.23
61.23
65.37
65.37
65.37
65.37
66.57
66.57
66.57
58.76
58.76
58.76
58.76
67.08
67.08
67.08
57.58
57.58
57.58
57.58
72.14
72.14
72.14
58.95
58.95
74.56
74.56
66.25
66.25
66.25
66.25
66.39
66.39
66.39
66.39
58.9
58.9
58.9
58.9
72.58
56.95
56.95
56.95
61.81
61.81
61.81
61.81
64.68
64.68
64.68
64.68
66.9
66.9
66.9
66.9
60.44
60.44
60.44
60.44
59.74
59.74
59.74
59.74
69.57
69.57
69.57
69.57
61.89
61.89
61.89
61.89
62.79
62.79
62.79
62.79
62.79
68.07
68.07
68.07
68.07
66.67
66.67
66.67
66.67
62.95
62.95
62.95
62.95
67.19
67.19
67.19
67.19
67.71
67.71
67.71
67.71
59.34
59.34
59.34
59.34
62.24
62.24
62.24
62.24
65.47
65.47
65.47
65.47
65.47
63.51
63.51
63.51
63.51
61.13
61.13
61.13
61.13
65.39
65.39
65.39
65.39
66.6
66.6
66.6
66.6
63.28
63.28
63.28
63.28
66.36
66.36
66.36
66.36
69.95
69.95
69.95
69.95
61.76
61.76
61.76
61.76
65.52
65.52
65.52
65.52
69.64
69.64
69.64
69.64
61.17
61.17
61.17
61.17
68.5
68.5
68.5
68.5
66.23
66.23
66.23
66.23
62.77
62.77
62.77
62.77
62.77
62.49
62.49
62.49
62.49
65.79
65.79
65.79
65.79
66.61
66.61
66.61
66.61
62.14
62.14
62.14
62.14
65.99
65.99
65.99
65.99
68.81
68.81
68.81
68.81
65.41
65.41
65.41
65.41
65.41
60.19
60.19
60.19
60.19
64.27
64.27
64.27
64.27
64.5
64.5
64.5
64.27
64.27
64.27
64.27
64.27
63.59
63.59
63.59
68.01
68.01
68.01
68.01
61.54
61.54
61.54
61.54
66.76
66.76
66.76
69.32
74.78
74.78
74.78
74.78
62.37
62.37
62.37
62.37
61.41
61.41
61.41
70.99
70.99
70.99
70.99
70.99
60.35
60.35
60.35
60.35
66.23
66.23
66.23
66.23
66.86
66.86
66.86
66.86
66.83
66.83
66.83
66.83
62.07
62.07
62.07
62.07
61.48
61.48
61.48
61.48
67.44
67.44
67.44
67.44
66.98
66.98
66.98
66.98
66.98
65.54
65.54
65.54
65.54
60.32
60.32
60.32
60.32
66.66
66.66
66.66
66.66
66.66
66.13
66.13
66.13
66.13
66.07
66.07
66.07
66.07
65.7
65.7
65.7
65.7
65.7
65.36
65.36
65.36
64.91
64.91
64.91
64.91
63.92
63.92
63.92
63.92
65.5
65.5
65.5
65.5
65.5
65.74
65.74
65.74
65.74
60.77
60.77
60.77
60.77
65.74
65.74
65.74
65.74
65.26
65.26
65.26
65.26
64.08
64.08
64.08
64.08
70.26
70.26
70.26
70.26
64.25
64.25
64.25
64.25
65.13
65.13
65.13
65.13
65.42
65.42
65.42
65.42
68.23
68.23
68.23
68.23
64.12
64.12
64.12
64.12
59.62
59.62
59.62
59.62
61.25
61.25
61.25
69.22
54.56
54.56
54.56
61.85
61.85
61.85
61.85
63.66
63.66
63.66
63.66
64.87
64.87
64.87
64.87
67.4
67.4
67.4
67.4
61.16
61.16
61.16
67.17
67.17
67.17
67.17
70.42
70.42
70.42
62.35
62.35
62.35
62.35
62.35
61.92
61.92
61.92
61.92
63.96
63.96
63.96
63.96
64.06
64.06
64.06
64.06
64.1
64.1
64.1
64.1
63.91
63.91
63.91
63.91
59.85
59.85
59.85
59.85
68.31
68.31
68.31
68.31
68.94
68.94
68.94
68.94
64.01
64.01
64.01
64.01
66.43
66.43
66.43
66.43
58.53
58.53
58.53
66.32
66.32
66.32
66.32
67.01
67.01
67.01
67.01
64.72
64.72
64.72
64.72
61.17
61.17
61.17
65.52
65.52
65.52
65.52
68.55
68.55
68.55
68.55
66.18
66.18
66.18
66.18
64.8
64.8
64.8
64.8
65.95
65.95
65.95
65.95
66.83
66.83
66.83
66.83
61.11
61.11
61.11
61.11
61.11
63.6
63.6
63.6
66.4
66.4
66.4
66.4
57.4
57.4
57.4
57.4
68.22
68.22
68.22
68.22
63.79
63.79
63.79
65.4
65.4
65.4
65.4
61.72
61.72
61.72
61.72
63.3
63.3
63.3
63.3
66.57
66.57
66.57
68.11
68.11
68.11
68.11
62.15
62.15
62.15
62.15
63.51
63.51
63.51
63.51
68.24
68.24
68.24
63.68
63.68
63.68
63.68
65.68
65.68
65.68
65.68
60.63
60.63
60.63
60.63
63.46
63.46
63.46
66.37
66.37
66.37
66.37
66.37
63.45
63.45
63.45
68.39
68.39
68.39
68.39
66.06
66.06
66.06
66.06
63.76
63.76
63.76
63.76
66.73
66.73
66.73
67.71
67.71
67.71
67.71
62.68
62.68
62.68
62.68
62.7
62.7
62.7
62.7
60.78
60.78
60.78
63.35
63.35
63.35
63.35
63.35
66.23
66.23
66.23
66.23
69.68
69.68
69.68
69.68
64.76
64.76
64.76
64.76
60.64
60.64
60.64
60.64
62.18
62.18
62.18
62.18
66.27
66.27
66.27
66.27
61.75
61.75
61.75
61.75
65.53
65.53
65.53
65.53
67.51
67.51
67.51
67.51
67.51
63.49
63.49
63.49
63.49
64.16
64.16
64.16
64.16
60.82
60.82
60.82
60.82
62.5
62.5
62.5
62.5
65.98
65.98
65.98
65.98
61.23
61.23
61.23
69.69
69.69
69.69
65.65
65.65
65.65
65.65
63.22
63.22
63.22
60.47
60.47
60.47
71.57
71.57
71.57
63.54
63.54
63.54
59.09
59.09
59.09
59.09
67.57
67.57
67.57
63.09
63.09
63.09
63.09
64.77
64.77
64.77
64.77
61.59
61.59
61.59
61.59
65.18
65.18
65.18
65.18
67.22
67.22
67.22
68.86
68.86
68.86
62.41
62.41
62.41
65.7
65.7
65.7
68.27
68.27
68.27
68.27
63.09
63.09
63.09
63.09
64.0
64.0
64.0
62.07
62.07
62.07
62.07
64.36
